[ 1903.597007] [Project1] 2981 1588163531.867696116 1588163532.814362260
[ 1905.516412] [Project1] 2982 1588163533.772391458 1588163534.734728615
[ 1907.456699] [Project1] 2983 1588163535.702841133 1588163536.675973160
[ 1909.296834] [Project1] 2984 1588163537.578420035 1588163538.517041001
[ 1911.237214] [Project1] 2987 1588163539.445100410 1588163540.458388712
[ 1913.112011] [Project1] 2988 1588163541.351020272 1588163542.334121728
[ 1915.022550] [Project1] 2989 1588163543.225307245 1588163544.245617650
[ 1916.960355] [Project1] 2990 1588163545.143283896 1588163546.184386795
[ 1918.806672] [Project1] 2991 1588163547.073517466 1588163548.031630007
[ 1920.660999] [Project1] 2992 1588163548.944413674 1588163549.886885940
